((("case" .
   [2 0 0 0])
  ("indice_max" .
   [5 0 0 0 1 0 1 0 0 0])
  ("valeur_max" .
   [0 0 0 3 0 1 3 0 0 0])
  ("liste1" .
   [2 0 1 4 5 6])
  ("break" .
   [2 0 0 1 0])
  ("False" .
   [1 0 0 0 0])
  ("output" .
   [0 0 0 1 0 0])
  ("setup" .
   [3 0 0 0 0])
  ("raw_input" .
   [0 0 0 2 1 0 0 0 0])
  ("GPIO" .
   [14 0 0 0])
  ("code" .
   [1 0 0 0])
  ("160mm" .
   [1 0 0 0 0])
  ("-1mm" .
   [1 0 0 0])
  ("rule" .
   [1 0 0 0])
  ("vspace" .
   [1 0 0 0 0 0])
  ("null" .
   [1 0 0 0])
  ("titlepage" .
   [2 0 0 0 0 0 0 0 0])
  ("1pt" .
   [3 0 0])
  ("vfill" .
   [2 0 0 0 0])
  ("flushleft" .
   [2 0 0 0 0 0 0 0 0])
  ("multicols" .
   [1 0 0 0 0 0 0 0 0])
  ("multicol" .
   [0 0 0 1 0 0 0 0])
  ("seconds" .
   [1 0 0 0 0 0 0])
  ("10" .
   [1 0])
  ("today" .
   [2 0 0 0 0])
  ("maketitle" .
   [1 0 0 0 0 0 1 0 0])
  ("date" .
   [3 0 0 0])
  ("title" .
   [2 0 0 0 0])
  ("centering" .
   [2 0 0 0 0 0 0 0 0])
  ("flushright" .
   [2 0 0 0 0 0 0 0 1 0])
  ("author" .
   [4 0 0 0 0 0])
  ("hfill" .
   [14 0 0 0 0])
  ("Scapy" .
   [2 0 0 0 0])
  ("Découverte" .
   [0 0 2 1 0 0 0 0 0 0])
  ("leftmark" .
   [0 0 0 0 0 0 1 0])
  ("fancyfoot" .
   [0 0 0 0 0 0 0 1 1])
  ("thepage" .
   [2 0 0 0 0 0 0])
  ("page" .
   [1 0 0 0])
  ("textbf" .
   [0 0 0 0 1 0])
  ("Besland" .
   [1 0 0 0 0 0 0])
  ("Romain" .
   [2 0 0 0 0 0])
  ("fancyhead" .
   [2 0 0 0 0 0 0 0 0])
  ("correpond" .
   [0 0 0 0 0 1 0 0 0])
  ("le" .
   [1 0])
  ("UDP" .
   [1 0 0])
  ("premier" .
   [1 0 0 0 0 0 0])
  ("186" .
   [1 0 0])
  ("donc" .
   [1 0 0 0])
  ("domaine" .
   [3 0 0 0 0 0 0])
  ("du" .
   [3 0])
  ("l'" .
   [1 0])
  ("groolot" .
   [2 0 0 1 0 0 0])
  ("www" .
   [3 0 0])
  ("interprêter" .
   [0 0 0 0 0 2 0 0 0 0 0])
  ("réponse" .
   [1 0 0 0 0 0 0])
  ("d'attendre" .
   [1 0 0 0 0 0 0 0 0 0])
  ("sr1" .
   [2 0 0])
  ("Fabrication" .
   [1 0 0 0 0 0 0 0 0 0 0])
  ("ssh" .
   [1 0 0])
  ("que" .
   [1 0 0])
  ("voyons" .
   [1 0 0 0 0 0])
  ("res" .
   [1 0 0])
  ("faut" .
   [1 0 0 0])
  ("Ensuite" .
   [1 0 0 0 0 0 0])
  ("1024" .
   [1 0 0 0])
  ("envoi" .
   [1 0 0 0 0])
  ("ci-dessous" .
   [3 0 0 0 0 0 0 0 0 0])
  ("commande" .
   [5 0 0 0 0 0 0 0])
  ("cette" .
   [1 0 0 0 0])
  ("faire" .
   [1 0 0 0 0])
  ("machine" .
   [1 0 0 0 0 0 0])
  ("sur" .
   [1 0 0])
  ("ouverts" .
   [3 0 0 0 0 0 0])
  ("ports" .
   [3 0 0 0 0])
  ("connaitre" .
   [1 0 0 0 0 0 0 0 0])
  ("encapsulé" .
   [0 0 0 0 1 0 0 0 0])
  ("s'agit" .
   [1 0 0 0 0 0])
  ("16" .
   [4 0])
  ("MAC" .
   [1 0 0])
  ("d'adresse" .
   [1 0 0 0 0 0 0 0 0])
  ("par" .
   [1 0 0])
  ("prise" .
   [1 0 0 0 0])
  ("104" .
   [1 0 0])
  ("L'adresse" .
   [0 0 0 1 0 1 0 0 0])
  ("avec" .
   [4 0 0 0])
  ("enumerate" .
   [1 0 0 0 0 1 0 0 0])
  ("résultats" .
   [4 0 0 0 1 0 0 0 0])
  ("temps" .
   [2 0 0 0 0])
  ("ensuite" .
   [2 0 0 0 0 0 0])
  ("lui" .
   [2 0 0])
  ("notée" .
   [1 0 0 0 0])
  ("pour" .
   [4 0 0 0])
  ("nous" .
   [3 0 0 0])
  ("payload" .
   [1 0 0 0 0 0 0])
  ("créer" .
   [1 0 0 0 0])
  ("l'adresse" .
   [6 0 0 0 0 0 0 0 0])
  ("permettant" .
   [3 0 0 0 0 0 0 0 0 0])
  ("version" .
   [1 0 0 0 0 0 0])
  ("vskip3pt" .
   [1 0 0 0 0 0 0 0])
  ("vrsion" .
   [1 0 0 0 0 0])
  ("minipage" .
   [0 0 0 0 0 0 1 0])
  ("paquets" .
   [4 0 0 0 0 0 0])
  ("msnp" .
   [3 0 0 0])
  ("service" .
   [2 0 0 0 0 0 0])
  ("une" .
   [2 0 0])
  ("commencer" .
   [2 0 0 0 0 0 0 0 0])
  ("Pour" .
   [6 0 0 0])
  ("destination" .
   [4 0 0 0 0 0 0 0 0 0 0])
  ("paquet" .
   [14 0 0 0 0 0])
  ("fabriquer" .
   [0 0 0 0 1 0 0 0 0])
  (">>>" .
   [18 0 0])
  ("list" .
   [1 0 0 0])
  ("lstlisting" .
   [1 0 1 2 11 9 3 2 0 0])
  ("begin" .
   [21 0 0 0 0])
  ("subs" .
   [1 0 0 0])
  ("noindent" .
   [1 0 0 0 0 0 0 0])
  ("document" .
   [2 0 0 0 0 0 1 0])
  ("--no-startup-id" .
   [0 0 0 0 0 1 0 0 0 0 0 0 0 0 0])
  ("exec" .
   [1 0 0 0])
  ("jourage" .
   [0 0 0 0 0 3 0])
  ("Write" .
   [2 0 0 0 0])
  ("WriteLine" .
   [1 0 0 0 0 0 0 0 0])
  ("Console" .
   [2 0 0 0 0 0 0])
  ("Program" .
   [1 0 0 0 0 0 0])
  ("math" .
   [1 0 0 0])
  ("usr" .
   [1 0 0])
  ("print" .
   [7 0 0 0 0])
  ("input" .
   [1 0 0 0 0])
  ("variable" .
   [2 0 0 2 3 4 0 0])
  ("universe" .
   [0 0 0 0 0 0 1 0])
  ("tableau2" .
   [3 0 1 2 2 1 0 0])
  ("Exit" .
   [0 0 0 1])
  ("msg" .
   [1 0 0])
  ("export" .
   [1 0 0 0 0 0])
  ("PS1" .
   [3 0 0])
  ("port" .
   [2 0 0 0])
  ("address" .
   [3 0 0 0 0 0 0])
  ("string" .
   [4 0 0 0 0 0])
  ("cout" .
   [5 0 0 0])
  ("nbkm" .
   [2 0 0 0])
  ("continue" .
   [1 0 0 0 1 0 0 0])
  ("while" .
   [2 0 0 0 0])
  ("dataFile" .
   [1 0 0 0 1 0 0 0])
  ("choix2" .
   [5 0 0 0 0 5])
  ("endl" .
   [7 0 0 0])
  ("float" .
   [3 0 0 0 0])
  ("min" .
   [9 0 0])
  ("cpp" .
   [1 0 0])
  ("include" .
   [8 0 0 0 0 0 1])
  ("return" .
   [1 0 0 0 0 0])
  ("./main.cpp" .
   [0 0 1 0 0 0 0 0 0 0])
  ("nbkmtotal" .
   [0 0 1 1 2 0 0 0 0])
  ("main" .
   [3 0 0 0])
  ("if" .
   [8 0])
  ("test" .
   [4 0 0 1])
  ("maint" .
   [0 0 0 0 5])
  ("int" .
   [21 0 1])
  ("namespace" .
   [0 0 0 1 2 2 1 3 0])
  ("using" .
   [7 0 0 0 0])
  ("switch" .
   [0 0 0 0 2 0])
  ("static" .
   [0 0 1 0 0 0])
  ("nbhour" .
   [6 0 0 0 0 0])
  ("std" .
   [3 0 0])
  ("else" .
   [5 0 0 0])
  ("minutes" .
   [1 0 0 0 0 0 0])
  ("nbmin" .
   [2 0 0 0 0])
  ("c_str" .
   [1 0 0 0 0])
  ("char" .
   [1 0 0 0])
  ("const" .
   [1 0 0 0 0])
  ("new" .
   [1 0 0])
  ("for" .
   [1 0 0])
  ("valeur" .
   [7 0 0 3 2 0])
  ("tableau" .
   [3 0 2 4 5 0 2])
  ("import" .
   [2 0 0 0 0 0])
  ("logging" .
   [1 0 0 0 0 0 0])
  ("1900" .
   [3 0 0 0])
  ("ltm" .
   [3 0 0])
  ("tm_year" .
   [1 0 0 2 0 0 0])
  ("anneeage" .
   [0 0 0 0 1 0 2 0])
  ("years" .
   [8 0 0 3 3])
  ("heure" .
   [1 0 0 0 0])
  ("mois" .
   [13 0 0 1])
  ("month" .
   [3 0 0 1 0])
  ("moisage" .
   [0 0 0 0 0 2 1])
  ("12" .
   [1 0])
  ("hour" .
   [1 0 0 0])
  ("day" .
   [1 0 0])
  ("font-family" .
   [0 0 0 0 2 0 0 0 0 0 0])
  ("margin" .
   [2 0 0 0 0 0])
  ("20px" .
   [3 0 2 0])
  ("50px" .
   [2 0 0 0])
  ("background" .
   [0 0 1 0 5 0 0 0 0 0])
  ("background-color" .
   [3 0 0 0 0 1 0 0 0 0 0 0 0 1 1 0])
  ("blank" .
   [0 0 1 0 0])
  ("margin-top" .
   [3 0 0 0 0 0 0 0 0 0])
  ("007FA5" .
   [3 0 0 0 0 0])
  ("font-size" .
   [0 0 0 0 1 0 0 2 0])
  ("font-weight" .
   [0 0 0 0 0 0 0 0 2 0 0])
  ("position" .
   [4 0 0 0 1 0 0 0])
  ("relative" .
   [1 0 0 0 1 0 1 0])
  ("text-align" .
   [0 0 1 0 0 0 0 0 1 0])
  ("right" .
   [1 0 0 0 0])
  ("left" .
   [2 0 0 0])
  ("40px" .
   [1 0 0 0])
  ("margin-right" .
   [2 0 0 0 1 0 2 1 0 0 0 0])
  ("height" .
   [1 0 0 0 1 0])
  ("10px" .
   [2 0 1 0])
  ("text-transform" .
   [0 0 0 0 0 1 0 0 0 0 0 0 0 0])
  ("contener" .
   [1 0 0 0 0 0 0 0])
  ("contenu_titre" .
   [1 0 0 0 0 0 0 0 0 0 0 0 0])
  ("margin-left" .
   [2 0 0 1 0 0 1 0 0 1 0])
  ("border-radius" .
   [0 0 0 0 1 0 2 0 0 0 0 0 0])
  ("5px" .
   [3 0 0])
  ("div" .
   [1 0 0])
  ("30px" .
   [2 0 0 0])
  ("center" .
   [5 0 0 0 0 0])
  ("Sans" .
   [1 0 0 0])
  ("bold" .
   [1 0 0 0])
  ("1" .
   [1])
  ("500px" .
   [1 0 0 0 0])
  ("li" .
   [3 0])
  ("/li" .
   [2 0 0])
  ("1.0" .
   [1 0 0])
  ("sec" .
   [2 0 0])
  ("french" .
   [2 0 0 0 0 0])
  ("usepackage" .
   [0 0 1 0 3 5 0 0 0 0])
  ("subsection" .
   [1 0 0 2 1 4 1 0 0 0])
  ("newpage" .
   [3 0 0 0 1 1 0])
  ("LaTeX" .
   [0 0 0 1 0])
  ("les" .
   [13 0 0])
  ("TCP" .
   [8 0 0])
  ("est" .
   [6 0 0])
  ("basicstyle=" .
   [0 0 0 0 0 1 0 0 0 0 0])
  ("tiny" .
   [1 0 0 0])
  ("small" .
   [1 0 0 0 0])
  ("ttfamily" .
   [0 0 0 1 0 0 0 0])
  ("txt" .
   [26 0 0])
  ("newcommand" .
   [3 0 0 0 0 0 0 0 0 0])
  ("bga" .
   [1 0 0])
  ("ICMP" .
   [4 0 0 0])
  ("contentsname" .
   [0 0 0 0 0 0 0 0 0 1 0 0])
  ("plusieurs" .
   [2 0 0 0 0 0 0 0 0])
  ("adresse" .
   [2 0 0 0 0 0 0])
  ("IP" .
   [12 0])
  ("devons" .
   [2 0 0 0 0 0])
  ("comme" .
   [3 0 0 0 0])
  ("dst=" .
   [2 0 0 1])
  ("172" .
   [6 0 0])
  ("100" .
   [7 0 0])
  ("attribue" .
   [0 0 0 0 0 0 1 0])
  ("plage" .
   [1 0 0 0 0])
  ("end" .
   [17 0 0])
  ("sera" .
   [1 0 0 0])
  ("envoyé" .
   [3 0 0 0 0 0])
  ("toutes" .
   [1 0 0 0 0 0])
  ("dans" .
   [3 0 0 0])
  ("renewcommand" .
   [0 0 0 0 0 0 0 3 1 0 0 0])
  ("section" .
   [3 0 0 0 0 0 0])
  ("Paquet" .
   [4 0 0 0 0 0])
  ("des" .
   [4 0 0])
  ("titlespacing" .
   [1 0 0 0 0 0 0 0 0 0 0 0])
  ("0pt" .
   [1 0 0])
  ("10pt" .
   [3 0 0 0])
  ("réseau" .
   [3 0 0 0 0 0])
  ("machines" .
   [1 0 0 0 0 0 0 0])
  ("Sommaire" .
   [1 0 0 0 0 0 0 0])
  ("un" .
   [1 0])
  ("python" .
   [2 0 0 0 0 0])
  ("script" .
   [2 0 0 0 0 0])
  ("suivante" .
   [1 0 0 0 0 0 0 0])
  ("elif" .
   [1 0 0 0])
  ("$1" .
   [1 0])
  ("$0" .
   [1 0])))
